1         27,254       41,695,992       41,100,627       595,365            0
2         47,500       86,109,672       85,456,470       653,202            0
3         66,862       87,682,792       87,029,550       653,242            0
4         91,913      111,126,040      110,425,966       700,074            0
5        108,445      107,862,112      107,160,862       701,250            0
6        129,736      323,862,000      322,969,679       892,321            0
7        144,439      332,011,472      331,089,015       922,457            0
8        168,992      333,662,528      332,725,895       936,633            0
9        188,780      363,870,336      362,857,007     1,013,329            0
10        217,791      335,546,864      334,660,691       886,173            0
11        236,832      360,081,144      359,134,935       946,209            0
12        255,934      359,510,720      358,569,447       941,273            0
13        280,067      380,506,416      379,521,111       985,305            0
14        310,044      455,172,576      454,035,816     1,136,760            0
15        328,815      442,762,272      441,723,104     1,039,168            0
16        347,931      446,653,144      445,571,776     1,081,368            0
17        378,404      458,883,128      457,793,352     1,089,776            0
18        398,661      509,173,624      507,983,397     1,190,227            0
19        417,755      499,176,336      498,082,173     1,094,163            0
20        439,506      524,805,536      523,628,005     1,177,531            0
21        458,663      525,995,080      524,804,909     1,190,171            0
22        476,853      558,991,816      557,803,057     1,188,759            0
23        492,765      559,415,368      557,913,370     1,501,998            0
24        516,635      559,718,616      558,216,978     1,501,638            0
25        532,547      559,415,336      557,913,370     1,501,966            0
26        552,440      559,718,632      558,216,978     1,501,654            0
27        576,311      559,718,616      558,216,978     1,501,638            0
28        608,135      559,419,008      557,917,026     1,501,982            0
29        639,959      559,405,704      557,903,860     1,501,844            0
30        671,783      559,411,464      557,909,570     1,501,894            0
31        687,695      559,412,224      557,910,394     1,501,830            0
32        711,564      559,718,648      558,216,978     1,501,670            0
33        727,476      559,411,648      557,909,666     1,501,982            0
34        751,346      559,718,616      558,216,978     1,501,638            0
35        775,216      559,718,616      558,216,978     1,501,638            0
36        791,128      559,419,048      557,917,050     1,501,998            0
37        807,040      559,410,240      557,908,364     1,501,876            0
38        822,952      559,407,896      557,906,172     1,501,724            0
39        838,864      559,419,000      557,917,050     1,501,950            0
40        854,777      559,718,616      558,216,978     1,501,638            0
41        870,689      559,630,872      558,129,266     1,501,606            0
42        886,601      559,413,840      557,911,922     1,501,918            0
43        910,473      559,718,648      558,216,978     1,501,670            0
44        926,385      559,407,184      557,905,452     1,501,732            0
45        942,297      559,419,096      557,917,050     1,502,046            0
46        958,209      559,415,256      557,913,322     1,501,934            0
47        974,121      559,411,504      557,909,618     1,501,886            0
48        990,040      559,718,616      558,216,978     1,501,638            0
49      1,013,908      559,405,392      557,903,626     1,501,766            0
50      1,028,611      559,406,112      557,904,362     1,501,750            0
51      1,043,314      559,630,920      558,129,266     1,501,654            0
52      1,058,017      559,411,528      557,909,642     1,501,886            0
53      1,072,720      559,411,520      557,909,618     1,501,902            0
54      1,087,423      559,411,616      557,909,666     1,501,950            0
55      1,102,126      559,407,160      557,905,274     1,501,886            0
56      1,116,829      559,403,584      557,901,860     1,501,724            0
