1        155,703      336,545,032      335,629,031       916,001            0
2        399,864      509,173,624      507,983,397     1,190,227            0
3        625,584      639,008,032      637,314,756     1,693,276            0
4        856,740      745,205,232      742,880,284     2,324,948            0
5      1,011,515      815,216,624      812,491,420     2,725,204            0
6      1,129,827      867,360,512      864,325,444     3,035,068            0
7      1,344,850      956,623,848      953,025,836     3,598,012            0
8      1,469,404    1,021,897,160    1,017,948,220     3,948,940            0
9      1,683,264    1,122,455,440    1,117,931,300     4,524,140            0
10      1,863,445    1,197,263,056    1,192,272,452     4,990,604            0
11      2,091,672    1,289,949,056    1,284,377,300     5,571,756            0
12      2,252,548    1,769,030,440    1,763,124,998     5,905,442            0
13      2,442,700    1,570,923,736    1,565,023,874     5,899,862            0
14      2,676,977    1,570,135,192    1,564,235,762     5,899,430            0
15      2,885,209    1,572,759,304    1,566,859,354     5,899,950            0
16      3,067,412    1,573,546,008    1,567,646,018     5,899,990            0
17      3,314,101    1,572,759,392    1,566,859,434     5,899,958            0
18      3,455,065    1,572,759,392    1,566,859,434     5,899,958            0
19      3,596,029    1,573,546,008    1,567,646,018     5,899,990            0
20      3,736,993    1,573,546,088    1,567,646,066     5,900,022            0
21      3,877,957    1,571,972,856    1,566,072,898     5,899,958            0
22      4,018,921    1,571,972,760    1,566,072,850     5,899,910            0
23      4,159,885    1,573,546,064    1,567,646,034     5,900,030            0
24      4,300,849    1,573,546,104    1,567,646,066     5,900,038            0
25      4,441,813    1,573,545,992    1,567,646,018     5,899,974            0
26      4,582,777    1,573,546,104    1,567,646,066     5,900,038            0
27      4,723,741    1,571,972,800    1,566,072,874     5,899,926            0
28      4,964,184    1,573,546,072    1,567,646,066     5,900,006            0
29      5,098,904    1,571,972,776    1,566,072,850     5,899,926            0
30      5,301,063    1,569,354,832    1,563,455,410     5,899,422            0
31      5,570,503    1,571,972,840    1,566,072,898     5,899,942            0
32      5,705,223    1,571,972,840    1,566,072,898     5,899,942            0
33      5,907,318    1,570,135,192    1,564,235,762     5,899,430            0
34      6,042,038    1,571,972,856    1,566,072,898     5,899,958            0
35      6,176,758    1,572,759,416    1,566,859,458     5,899,958            0
36      6,311,478    1,573,546,072    1,567,646,066     5,900,006            0
37      6,446,198    1,573,546,008    1,567,646,018     5,899,990            0
38      6,580,918    1,573,546,072    1,567,646,066     5,900,006            0
39      6,783,050    1,569,354,864    1,563,455,410     5,899,454            0
40      6,917,770    1,571,972,744    1,566,072,850     5,899,894            0
41      7,052,490    1,571,972,856    1,566,072,898     5,899,958            0
42      7,187,210    1,571,972,760    1,566,072,850     5,899,910            0
43      7,321,930    1,571,972,840    1,566,072,898     5,899,942            0
44      7,456,650    1,571,972,840    1,566,072,898     5,899,942            0
45      7,591,370    1,571,972,776    1,566,072,850     5,899,926            0
46      7,726,090    1,573,546,008    1,567,646,018     5,899,990            0
47      7,860,810    1,571,749,240    1,565,849,274     5,899,966            0
48      7,995,530    1,571,972,816    1,566,072,874     5,899,942            0
49      8,197,610    1,573,546,008    1,567,646,018     5,899,990            0
50      8,315,922    1,572,759,472    1,566,859,482     5,899,990            0
51      8,434,234    1,571,972,840    1,566,072,898     5,899,942            0
52      8,552,546    1,571,972,800    1,566,072,874     5,899,926            0
53      8,670,858    1,571,972,840    1,566,072,898     5,899,942            0
54      8,789,170    1,571,972,784    1,566,072,874     5,899,910            0
55      8,907,640    1,569,354,848    1,563,455,410     5,899,438            0
56      9,025,952    1,573,545,992    1,567,646,018     5,899,974            0
57      9,144,264    1,572,759,488    1,566,859,482     5,900,006            0
58      9,262,576    1,572,759,288    1,566,859,354     5,899,934            0
59      9,380,888    1,571,972,760    1,566,072,850     5,899,910            0
60      9,499,200    1,571,972,792    1,566,072,850     5,899,942            0
61      9,617,711    1,569,354,832    1,563,455,410     5,899,422            0
62      9,736,023    1,573,546,008    1,567,646,018     5,899,990            0
63      9,854,335    1,573,546,008    1,567,646,018     5,899,990            0
64      9,972,647    1,572,759,376    1,566,859,434     5,899,942            0
65     10,090,959    1,572,759,472    1,566,859,482     5,899,990            0
66     10,209,271    1,573,546,032    1,567,646,042     5,899,990            0
