1          9,850       35,212,640       34,704,192       508,448            0
2         23,229       43,409,456       42,814,259       595,197            0
3         33,117       79,552,392       78,925,102       627,290            0
4         47,191       86,109,672       85,456,470       653,202            0
5         58,341       91,347,896       90,694,710       653,186            0
6         70,877       86,296,944       85,627,894       669,050            0
7         81,847      102,868,192      102,157,030       711,162            0
8         91,054      110,369,736      109,671,534       698,202            0
9        108,066      107,862,112      107,160,862       701,250            0
10        119,808      311,199,872      310,339,946       859,926            0
11        129,532      323,478,888      322,587,543       891,345            0
12        144,547      332,011,472      331,089,015       922,457            0
13        155,447      336,545,032      335,629,031       916,001            0
14        171,465      337,302,920      336,356,967       945,953            0
15        188,632      363,601,224      362,587,959     1,013,265            0
16        204,566      360,226,248      359,212,743     1,013,505            0
17        217,474      335,517,624      334,631,459       886,165            0
18        227,914      362,487,336      361,544,327       943,009            0
19        236,543      360,081,144      359,134,935       946,209            0
20        246,983      361,906,928      360,968,919       938,009            0
21        262,156      359,814,760      358,849,391       965,369            0
22        279,680      380,475,392      379,490,319       985,073            0
23        296,624      378,370,880      377,381,639       989,241            0
24        309,639      455,162,688      454,026,024     1,136,664            0
25        317,815      452,245,304      451,107,440     1,137,864            0
26        328,347      442,389,120      441,350,840     1,038,280            0
27        337,435      440,282,120      439,240,328     1,041,792            0
28        347,875      445,903,792      444,824,224     1,079,568            0
29        363,291      462,149,096      461,060,464     1,088,632            0
30        380,087      458,883,128      457,793,352     1,089,776            0
31        390,433      509,102,504      507,922,165     1,180,339            0
32        400,748      509,173,624      507,983,397     1,190,227            0
33        411,188      501,241,432      500,151,093     1,090,339            0
34        420,259      499,176,336      498,082,173     1,094,163            0
35        432,410      509,483,152      508,344,613     1,138,539            0
36        442,800      524,805,536      523,628,005     1,177,531            0
37        462,492      525,995,080      524,804,909     1,190,171            0
38        475,837      493,011,616      491,937,757     1,073,859            0
39        480,790      558,991,816      557,803,057     1,188,759            0
40        493,755      559,007,864      557,505,345     1,502,519            0
41        511,039      558,845,952      557,343,377     1,502,575            0
42        528,323      558,844,408      557,341,921     1,502,487            0
43        545,607      558,847,320      557,344,713     1,502,607            0
44        558,571      559,007,880      557,505,345     1,502,535            0
45        575,855      558,844,296      557,341,825     1,502,471            0
46        593,139      558,844,424      557,341,921     1,502,503            0
47        610,423      558,847,304      557,344,713     1,502,591            0
48        627,707      558,843,520      557,341,041     1,502,479            0
49        636,349      558,844,528      557,342,049     1,502,479            0
50        641,302      558,847,208      557,344,665     1,502,543            0
51        646,255      558,845,920      557,343,369     1,502,551            0
52        651,208      558,847,256      557,344,665     1,502,591            0
53        656,161      558,852,784      557,350,145     1,502,639            0
54        661,115      559,007,896      557,505,345     1,502,551            0
55        666,068      558,847,296      557,344,689     1,502,607            0
56        671,021      558,842,408      557,340,001     1,502,407            0
57        675,974      558,843,832      557,341,337     1,502,495            0
58        680,927      558,841,456      557,339,049     1,502,407            0
59        685,880      558,849,632      557,347,033     1,502,599            0
60        690,833      558,843,144      557,340,673     1,502,471            0
61        695,786      558,847,264      557,344,689     1,502,575            0
62        700,739      558,840,280      557,337,961     1,502,319            0
63        705,692      558,845,200      557,342,673     1,502,527            0
64        710,645      558,840,352      557,338,121     1,502,231            0
65        715,598      558,861,528      557,359,273     1,502,255            0
66        720,551      558,840,856      557,338,553     1,502,303            0
67        725,504      558,847,296      557,344,689     1,502,607            0
68        730,457      558,847,224      557,344,665     1,502,559            0
69        735,410      558,843,792      557,341,305     1,502,487            0
70        740,363      558,847,184      557,344,585     1,502,599            0
71        745,316      558,839,456      557,337,217     1,502,239            0
