1         15,005       37,760,248       37,184,243       576,005            0
2         25,509       45,376,128       44,780,667       595,461            0
3         38,886       89,297,112       88,644,998       652,114            0
4         47,222       86,109,672       85,456,470       653,202            0
5         58,379       91,347,896       90,694,710       653,186            0
6         66,496       87,682,792       87,029,550       653,242            0
7         81,912      102,868,192      102,157,030       711,162            0
8         91,413      111,113,056      110,413,070       699,986            0
9        108,048      107,862,112      107,160,862       701,250            0
10        115,749      323,462,424      322,509,150       953,274            0
11        126,786      319,426,280      318,545,231       881,049            0
12        144,107      332,011,472      331,089,015       922,457            0
13        155,052      336,545,032      335,629,031       916,001            0
14        170,750      336,887,848      335,943,103       944,745            0
15        188,096      363,149,040      362,137,335     1,011,705            0
16        204,581      360,226,248      359,212,743     1,013,505            0
17        221,267      350,704,976      349,792,239       912,737            0
18        236,748      360,081,144      359,134,935       946,209            0
19        247,810      363,024,384      362,083,703       940,681            0
20        255,867      359,510,720      358,569,447       941,273            0
21        271,211      373,129,176      372,130,039       999,137            0
22        279,703      380,096,192      379,112,047       984,145            0
23        296,883      378,370,880      377,381,639       989,241            0
24        308,721      453,042,440      451,911,680     1,130,760            0
25        318,236      452,245,304      451,107,440     1,137,864            0
26        327,272      439,937,792      438,906,016     1,031,776            0
27        343,455      439,761,736      438,697,912     1,063,824            0
28        355,304      457,572,912      456,463,376     1,109,536            0
29        362,351      462,149,096      461,060,464     1,088,632            0
30        378,622      458,883,128      457,793,352     1,089,776            0
31        388,756      509,102,504      507,922,165     1,180,339            0
32        398,873      509,173,624      507,983,397     1,190,227            0
33        407,909      499,158,224      498,073,557     1,084,667            0
34        417,947      499,176,336      498,082,173     1,094,163            0
35        426,983      505,427,848      504,299,765     1,128,083            0
36        439,551      524,805,536      523,628,005     1,177,531            0
37        458,734      525,995,080      524,804,909     1,190,171            0
38        470,788      492,173,152      491,103,485     1,069,667            0
39        476,809      558,991,816      557,803,057     1,188,759            0
40        491,529      560,154,272      558,651,697     1,502,575            0
41        506,249      560,151,160      558,648,705     1,502,455            0
42        520,969      560,155,648      558,653,009     1,502,639            0
43        528,329      560,151,904      558,649,385     1,502,519            0
44        539,370      560,316,216      558,813,665     1,502,551            0
45        554,090      560,155,672      558,653,033     1,502,639            0
46        568,811      560,316,184      558,813,665     1,502,519            0
47        583,531      560,155,576      558,652,985     1,502,591            0
48        598,251      560,154,320      558,651,697     1,502,623            0
49        609,291      560,155,632      558,653,009     1,502,623            0
50        615,312      560,170,024      558,667,677     1,502,347            0
51        621,333      560,155,592      558,652,985     1,502,607            0
52        627,354      560,154,880      558,652,313     1,502,567            0
53        633,375      560,147,904      558,645,625     1,502,279            0
54        639,396      560,192,608      558,690,265     1,502,343            0
55        645,417      560,148,776      558,646,521     1,502,255            0
56        651,438      560,155,640      558,653,033     1,502,607            0
57        657,459      560,155,576      558,652,985     1,502,591            0
58        663,480      560,153,536      558,650,993     1,502,543            0
59        669,501      560,154,192      558,651,649     1,502,543            0
60        675,522      560,152,632      558,650,145     1,502,487            0
61        681,543      560,153,408      558,650,865     1,502,543            0
62        687,566      560,316,200      558,813,665     1,502,535            0
63        693,587      560,151,360      558,648,905     1,502,455            0
64        699,608      560,151,176      558,648,705     1,502,471            0
65        705,629      560,151,360      558,648,905     1,502,455            0
66        711,650      560,153,568      558,651,025     1,502,543            0
67        717,671      560,154,264      558,651,673     1,502,591            0
68        723,692      560,155,632      558,653,009     1,502,623            0
69        729,713      560,154,232      558,651,673     1,502,559            0
70        735,734      560,153,464      558,650,961     1,502,503            0
71        741,755      560,149,384      558,647,009     1,502,375            0
72        747,776      548,707,552      547,454,726     1,252,826            0
