1         16,349       41,459,968       40,878,803       581,165            0
2         31,545       77,110,672       76,489,598       621,074            0
3         47,056       86,109,672       85,456,470       653,202            0
4         66,198       87,682,792       87,029,550       653,242            0
5         90,953      111,071,040      110,371,406       699,634            0
6        107,697      107,862,112      107,160,862       701,250            0
7        130,329      326,641,728      325,742,647       899,081            0
8        154,315      336,545,032      335,629,031       916,001            0
9        171,873      340,019,144      339,066,919       952,225            0
10        186,135      361,914,624      360,906,511     1,008,113            0
11        203,424      360,226,248      359,212,743     1,013,505            0
12        216,340      335,517,624      334,631,459       886,165            0
13        235,384      360,081,144      359,134,935       946,209            0
14        254,445      359,510,720      358,569,447       941,273            0
15        279,273      381,707,808      380,719,159       988,649            0
16        295,285      378,370,880      377,381,639       989,241            0
17        306,979      453,042,440      451,911,680     1,130,760            0
18        326,055      441,088,288      440,053,560     1,034,728            0
19        349,932      452,456,744      451,360,152     1,096,592            0
20        376,493      458,883,128      457,793,352     1,089,776            0
21        396,670      509,173,624      507,983,397     1,190,227            0
22        415,775      499,176,336      498,082,173     1,094,163            0
23        437,339      524,805,536      523,628,005     1,177,531            0
24        456,447      525,995,080      524,804,909     1,190,171            0
25        478,203      564,598,952      563,099,866     1,499,086            0
26        505,531      563,337,328      561,834,578     1,502,750            0
27        529,447      563,644,440      562,141,938     1,502,502            0
28        546,529      563,644,440      562,141,938     1,502,502            0
29        570,441      563,341,104      561,838,306     1,502,798            0
30        597,769      563,335,752      561,833,090     1,502,662            0
31        625,097      563,336,808      561,833,986     1,502,822            0
32        638,761      563,344,768      561,841,986     1,502,782            0
33        652,425      563,337,376      561,834,626     1,502,750            0
34        666,089      563,341,064      561,838,282     1,502,782            0
35        679,753      563,410,736      561,908,402     1,502,334            0
36        700,254      563,644,480      562,141,954     1,502,526            0
37        713,918      563,335,736      561,833,090     1,502,646            0
38        727,582      563,341,768      561,838,954     1,502,814            0
39        741,246      563,331,088      561,828,490     1,502,598            0
40        761,743      563,644,456      562,141,938     1,502,518            0
41        775,407      563,644,456      562,141,938     1,502,518            0
42        789,071      563,330,480      561,827,946     1,502,534            0
43        802,735      563,327,496      561,825,138     1,502,358            0
44        816,399      563,336,608      561,834,002     1,502,606            0
45        830,063      563,344,840      561,842,010     1,502,830            0
46        843,727      563,337,312      561,834,578     1,502,734            0
47        857,391      563,338,784      561,836,098     1,502,686            0
48        877,889      563,644,456      562,141,938     1,502,518            0
49        898,385      563,326,568      561,824,226     1,502,342            0
50        910,079      563,341,144      561,838,330     1,502,814            0
51        921,773      563,329,768      561,827,226     1,502,542            0
52        933,467      563,344,784      561,841,986     1,502,798            0
53        945,161      563,334,312      561,831,650     1,502,662            0
54        956,855      563,330,800      561,828,164     1,502,636            0
55        968,549      563,344,784      561,841,986     1,502,798            0
56        980,243      563,337,376      561,834,626     1,502,750            0
57        991,937      563,341,128      561,838,330     1,502,798            0
58      1,003,631      563,344,768      561,841,986     1,502,782            0
59      1,015,325      563,337,392      561,834,626     1,502,766            0
60      1,027,019      563,341,088      561,838,306     1,502,782            0
61      1,038,713      563,344,800      561,841,986     1,502,814            0
62      1,050,407      563,330,528      561,827,946     1,502,582            0
63      1,062,101      563,337,352      561,834,602     1,502,750            0
64      1,073,795      563,344,808      561,842,010     1,502,798            0
65      1,085,489      563,332,888      561,830,298     1,502,590            0
66      1,097,183      563,331,456      561,828,804     1,502,652            0
67      1,108,877      563,337,328      561,834,578     1,502,750            0
68      1,120,571      563,332,760      561,830,106     1,502,654            0
69      1,132,265      563,341,120      561,838,306     1,502,814            0
