1        190,622      361,914,704      360,906,511     1,008,193            0
2        463,555      525,994,936      524,804,909     1,190,027            0
3        651,054      626,297,416      624,672,436     1,624,980            0
4        905,651      743,102,360      740,793,348     2,309,012            0
5      1,065,896      815,757,888      813,031,340     2,726,548            0
6      1,328,148      933,884,304      930,464,708     3,419,596            0
7      1,505,500    1,017,286,584    1,013,376,428     3,910,156            0
8      1,729,668    1,122,996,624    1,118,471,220     4,525,404            0
9      1,869,185    1,185,948,120    1,181,050,012     4,898,108            0
10      2,027,730    1,256,761,048    1,251,452,292     5,308,756            0
11      2,284,215    2,821,238,848    2,815,337,211     5,901,637            0
12      2,310,540    2,499,163,640    2,493,270,131     5,893,509            0
13      2,603,321    2,358,830,744    2,352,935,787     5,894,957            0
14      2,813,913    2,445,709,392    2,439,807,107     5,902,285            0
15      3,024,505    2,445,447,104    2,439,544,883     5,902,221            0
16      3,235,097    2,445,447,192    2,439,544,963     5,902,229            0
17      3,472,017    2,445,447,288    2,439,545,011     5,902,277            0
18      3,656,440    2,442,829,296    2,436,927,523     5,901,773            0
19      3,867,040    2,447,020,536    2,441,118,179     5,902,357            0
20      4,077,640    2,447,020,536    2,441,118,179     5,902,357            0
21      4,314,695    2,442,829,296    2,436,927,523     5,901,773            0
22      4,525,295    2,447,020,456    2,441,118,131     5,902,325            0
23      4,683,279    2,445,447,208    2,439,544,963     5,902,245            0
24      4,893,879    2,446,233,880    2,440,331,571     5,902,309            0
25      5,078,157    2,443,144,720    2,437,242,723     5,901,997            0
26      5,288,757    2,447,020,512    2,441,118,155     5,902,357            0
27      5,499,357    2,447,020,536    2,441,118,179     5,902,357            0
28      5,709,957    2,446,233,880    2,440,331,571     5,902,309            0
29      5,999,701    2,445,447,208    2,439,544,963     5,902,245            0
30      6,210,496    2,442,829,280    2,436,927,523     5,901,757            0
31      6,421,096    2,447,020,496    2,441,118,155     5,902,341            0
32      6,631,696    2,445,971,232    2,440,069,019     5,902,213            0
33      6,789,835    2,442,829,296    2,436,927,523     5,901,773            0
34      7,000,435    2,447,020,456    2,441,118,131     5,902,325            0
35      7,132,137    2,442,829,304    2,436,927,539     5,901,765            0
36      7,316,413    2,447,020,504    2,441,118,131     5,902,373            0
37      7,448,126    2,442,829,280    2,436,927,523     5,901,757            0
38      7,658,915    2,442,829,296    2,436,927,523     5,901,773            0
39      7,869,733    2,442,829,280    2,436,927,523     5,901,757            0
40      8,080,333    2,447,020,512    2,441,118,155     5,902,357            0
41      8,290,933    2,447,020,536    2,441,118,179     5,902,357            0
42      8,449,039    2,442,829,296    2,436,927,523     5,901,773            0
43      8,633,314    2,446,233,880    2,440,331,571     5,902,309            0
44      8,791,340    2,447,020,520    2,441,118,179     5,902,341            0
45      9,028,495    2,442,829,296    2,436,927,523     5,901,773            0
46      9,239,095    2,447,020,480    2,441,118,155     5,902,325            0
47      9,449,695    2,447,020,536    2,441,118,179     5,902,357            0
48      9,660,295    2,446,233,920    2,440,331,595     5,902,325            0
49      9,949,983    2,442,829,296    2,436,927,523     5,901,773            0
50      9,976,308    2,445,447,288    2,439,545,011     5,902,277            0
51     10,002,633    2,446,233,736    2,440,331,467     5,902,269            0
52     10,028,958    2,445,445,640    2,439,543,659     5,901,981            0
53     10,055,283    2,447,020,520    2,441,118,179     5,902,341            0
54     10,081,608    2,445,447,248    2,439,544,987     5,902,261            0
55     10,107,933    2,446,233,904    2,440,331,595     5,902,309            0
56     10,134,258    2,446,233,864    2,440,331,571     5,902,293            0
57     10,160,583    2,447,020,568    2,441,118,179     5,902,389            0
58     10,186,908    2,445,447,288    2,439,545,011     5,902,277            0
59     10,213,233    2,445,447,208    2,439,544,963     5,902,245            0
60     10,239,558    2,446,233,752    2,440,331,467     5,902,285            0
61     10,265,883    2,447,020,552    2,441,118,179     5,902,373            0
62     10,292,208    2,445,447,304    2,439,545,011     5,902,293            0
63     10,318,533    2,445,447,224    2,439,544,963     5,902,261            0
64     10,344,858    2,446,233,752    2,440,331,467     5,902,285            0
65     10,371,183    2,447,020,536    2,441,118,179     5,902,357            0
66     10,397,508    2,445,447,304    2,439,545,011     5,902,293            0
67     10,423,833    2,445,447,192    2,439,544,963     5,902,229            0
68     10,450,158    2,446,233,840    2,440,331,547     5,902,293            0
69     10,476,483    2,447,020,536    2,441,118,179     5,902,357            0
70     10,502,808    2,447,020,520    2,441,118,179     5,902,341            0
71     10,529,133    2,445,447,272    2,439,545,011     5,902,261            0
72     10,555,458    2,446,233,904    2,440,331,595     5,902,309            0
73     10,581,783    2,446,233,864    2,440,331,571     5,902,293            0
74     10,608,108    2,447,020,536    2,441,118,179     5,902,357            0
75     10,634,433    2,445,447,232    2,439,544,987     5,902,245            0
