1        144,607      332,011,472      331,089,015       922,457            0
2        237,964      360,081,144      359,134,935       946,209            0
3        390,278      509,102,504      507,922,165     1,180,339            0
4        460,552      525,995,080      524,804,909     1,190,171            0
5        610,566      633,183,856      631,523,592     1,660,264            0
6        763,597      705,027,120      702,941,520     2,085,600            0
7        853,563      745,236,432      742,911,168     2,325,264            0
8        922,247      776,665,440      774,155,096     2,510,344            0
9      1,063,005      839,958,928      837,090,824     2,868,104            0
10      1,177,794      884,853,840      881,678,712     3,175,128            0
11      1,269,997      933,339,472      929,921,384     3,418,088            0
12      1,382,532      982,370,440      978,644,152     3,726,288            0
13      1,447,358    1,016,741,848    1,012,833,104     3,908,744            0
14      1,551,864    1,066,481,768    1,062,281,992     4,199,776            0
15      1,672,407    1,122,451,872    1,117,927,896     4,523,976            0
16      1,812,593    1,185,403,304    1,180,506,688     4,896,616            0
17      1,886,165    1,209,232,056    1,204,146,256     5,085,800            0
18      1,971,723    1,256,216,232    1,250,908,968     5,307,264            0
19      2,048,096    1,281,495,936    1,275,987,072     5,508,864            0
20      2,145,852    1,335,856,024    1,330,089,440     5,766,584            0
21      2,231,351    2,176,311,232    2,170,411,046     5,900,186            0
22      2,335,184    1,698,633,624    1,692,745,150     5,888,474            0
23      2,438,906    1,782,047,576    1,776,150,880     5,896,696            0
24      2,490,919    1,782,277,456    1,776,380,672     5,896,784            0
25      2,594,607    1,782,442,240    1,776,545,440     5,896,800            0
26      2,698,295    1,782,671,760    1,776,774,912     5,896,848            0
27      2,801,983    1,782,803,256    1,776,906,328     5,896,928            0
28      2,879,891    1,782,277,456    1,776,380,672     5,896,784            0
29      3,009,690    1,781,817,928    1,775,921,288     5,896,640            0
30      3,087,281    1,781,817,928    1,775,921,288     5,896,640            0
31      3,164,829    1,782,671,720    1,776,774,888     5,896,832            0
32      3,242,399    1,782,442,240    1,776,545,440     5,896,800            0
33      3,358,838    1,782,277,440    1,776,380,672     5,896,768            0
34      3,475,206    1,782,178,864    1,776,282,128     5,896,736            0
35      3,630,302    1,782,671,784    1,776,774,936     5,896,848            0
36      3,785,398    1,782,442,256    1,776,545,440     5,896,816            0
37      3,940,494    1,782,803,160    1,776,906,280     5,896,880            0
38      4,018,042    1,782,442,320    1,776,545,488     5,896,832            0
39      4,095,590    1,782,442,256    1,776,545,440     5,896,816            0
40      4,173,138    1,782,803,176    1,776,906,280     5,896,896            0
41      4,250,690    1,782,354,944    1,776,457,832     5,897,112            0
42      4,328,320    1,782,178,864    1,776,282,128     5,896,736            0
43      4,405,882    1,782,178,848    1,776,282,128     5,896,720            0
44      4,483,430    1,782,442,296    1,776,545,464     5,896,832            0
45      4,561,106    1,782,178,848    1,776,282,128     5,896,720            0
46      4,638,673    1,782,178,848    1,776,282,128     5,896,720            0
47      4,755,090    1,782,178,864    1,776,282,128     5,896,736            0
48      4,832,638    1,782,442,280    1,776,545,464     5,896,816            0
49      4,948,960    1,782,442,280    1,776,545,464     5,896,816            0
50      5,000,973    1,782,803,240    1,776,906,328     5,896,912            0
51      5,052,986    1,782,442,296    1,776,545,464     5,896,832            0
52      5,104,999    1,782,803,216    1,776,906,304     5,896,912            0
53      5,157,012    1,782,442,240    1,776,545,440     5,896,800            0
54      5,209,025    1,782,803,088    1,776,906,200     5,896,888            0
55      5,261,038    1,782,671,784    1,776,774,928     5,896,856            0
56      5,313,051    1,782,803,176    1,776,906,280     5,896,896            0
57      5,365,064    1,782,671,760    1,776,774,912     5,896,848            0
58      5,417,077    1,782,442,336    1,776,545,488     5,896,848            0
59      5,469,090    1,782,803,256    1,776,906,328     5,896,928            0
60      5,521,103    1,782,671,720    1,776,774,888     5,896,832            0
61      5,573,116    1,782,442,256    1,776,545,440     5,896,816            0
