1        155,026      336,545,032      335,629,031       916,001            0
2        297,064      378,370,880      377,381,639       989,241            0
3        390,430      511,546,704      510,359,933     1,186,771            0
4        512,532      582,138,192      580,594,156     1,544,036            0
5        612,656      633,183,856      631,523,592     1,660,264            0
6        728,926      687,012,848      685,030,624     1,982,224            0
7        816,124      727,886,512      725,672,216     2,214,296            0
8        930,294      776,698,088      774,187,592     2,510,496            0
9      1,018,298      815,213,056      812,488,016     2,725,040            0
10      1,148,276      870,512,528      867,454,184     3,058,344            0
11      1,287,360      933,339,472      929,921,384     3,418,088            0
12      1,402,223      982,370,440      978,644,152     3,726,288            0
13      1,469,066    1,016,741,848    1,012,833,104     3,908,744            0
14      1,577,649    1,066,481,768    1,062,281,992     4,199,776            0
15      1,701,259    1,122,451,872    1,117,927,896     4,523,976            0
16      1,845,087    1,185,403,304    1,180,506,688     4,896,616            0
17      2,009,776    1,256,216,232    1,250,908,968     5,307,264            0
18      2,089,271    1,281,495,936    1,275,987,072     5,508,864            0
19      2,194,387    1,335,856,024    1,330,089,440     5,766,584            0
20      2,274,910    1,769,125,464    1,763,219,939     5,905,525            0
21      2,380,318    1,491,333,584    1,485,436,777     5,896,807            0
22      2,512,079    1,491,300,032    1,485,403,233     5,896,799            0
23      2,617,544    1,491,201,440    1,485,304,689     5,896,751            0
24      2,749,424    1,491,300,032    1,485,403,233     5,896,799            0
25      2,854,832    1,491,464,912    1,485,568,049     5,896,863            0
26      2,960,240    1,491,464,856    1,485,568,025     5,896,831            0
27      3,118,385    1,490,450,328    1,484,553,769     5,896,559            0
28      3,250,196    1,491,694,376    1,485,797,497     5,896,879            0
29      3,334,895    1,491,300,016    1,485,403,233     5,896,783            0
30      3,504,159    1,491,825,776    1,485,928,865     5,896,911            0
31      3,588,791    1,491,464,872    1,485,568,025     5,896,847            0
32      3,673,423    1,491,694,208    1,485,797,369     5,896,839            0
33      3,758,055    1,491,694,376    1,485,797,497     5,896,879            0
34      3,842,734    1,491,300,032    1,485,403,233     5,896,799            0
35      3,969,743    1,491,201,440    1,485,304,689     5,896,751            0
36      4,096,769    1,490,840,520    1,484,943,849     5,896,671            0
37      4,181,493    1,490,840,504    1,484,943,849     5,896,655            0
38      4,266,125    1,491,694,376    1,485,797,497     5,896,879            0
39      4,350,757    1,491,694,336    1,485,797,473     5,896,863            0
40      4,477,738    1,491,201,440    1,485,304,689     5,896,751            0
41      4,604,762    1,490,450,328    1,484,553,769     5,896,559            0
42      4,731,806    1,491,300,032    1,485,403,233     5,896,799            0
43      4,858,777    1,491,201,424    1,485,304,689     5,896,735            0
44      4,943,409    1,491,464,912    1,485,568,049     5,896,863            0
45      5,028,041    1,491,694,376    1,485,797,497     5,896,879            0
46      5,112,673    1,491,694,336    1,485,797,473     5,896,863            0
47      5,197,305    1,491,825,792    1,485,928,865     5,896,927            0
48      5,281,937    1,491,825,792    1,485,928,865     5,896,927            0
49      5,366,586    1,491,464,816    1,485,568,001     5,896,815            0
50      5,433,468    1,490,450,312    1,484,553,769     5,896,543            0
51      5,500,356    1,491,300,040    1,485,403,249     5,896,791            0
